1 0 36 12 14 24 26 3 16 29 38 39 40 41 42 43 4 5 6 7 8 9 10 11 17 18 19 20 21 22 23 28 30 32 33 34 35 36 37
1 1 36 12 14 24 26 3 16 29 38 39 40 41 42 43 4 5 6 7 8 9 10 11 17 18 19 20 21 22 23 28 30 32 33 34 35 36 37
1 2 32 2 16 29 38 39 40 41 42 43 4 5 6 7 8 9 10 11 17 18 19 20 21 22 23 28 30 32 33 34 35 36 37
1 3 32 2 16 29 38 39 40 41 42 43 4 5 6 7 8 9 10 11 17 18 19 20 21 22 23 28 30 32 33 34 35 36 37
1 4 31 1 16 29 38 39 40 41 42 43 4 5 6 7 8 9 10 11 17 18 19 20 21 22 23 28 30 33 34 35 36 37
1 5 31 1 16 29 38 39 40 41 42 43 4 5 6 7 8 9 10 11 17 18 19 20 21 22 23 28 30 33 34 35 36 37
1 6 35 1 16 29 38 39 40 41 42 43 4 5 6 7 8 9 10 11 13 15 17 18 19 20 21 22 23 25 27 28 30 33 34 35 36 37
1 7 35 1 16 29 38 39 40 41 42 43 4 5 6 7 8 9 10 11 13 15 17 18 19 20 21 22 23 25 27 28 30 33 34 35 36 37
1 8 37 0 31 3 16 29 38 39 40 41 42 43 4 5 6 7 8 9 10 11 13 15 17 18 19 20 21 22 23 25 27 28 30 33 34 35 36 37
1 9 37 0 31 3 16 29 38 39 40 41 42 43 4 5 6 7 8 9 10 11 13 15 17 18 19 20 21 22 23 25 27 28 30 33 34 35 36 37
2 0 37 2 24 26 1 16 29 38 39 40 41 42 43 4 5 6 7 8 9 10 11 13 15 17 18 19 20 21 22 23 28 30 32 33 34 35 36 37
2 1 37 2 24 26 1 16 29 38 39 40 41 42 43 4 5 6 7 8 9 10 11 13 15 17 18 19 20 21 22 23 28 30 32 33 34 35 36 37
2 2 34 3 16 29 38 39 40 41 42 43 4 5 6 7 8 9 10 11 13 15 17 18 19 20 21 22 23 28 30 32 33 34 35 36 37
2 3 34 3 16 29 38 39 40 41 42 43 4 5 6 7 8 9 10 11 13 15 17 18 19 20 21 22 23 28 30 32 33 34 35 36 37
2 4 32 0 3 16 29 38 39 40 41 42 43 4 5 6 7 8 9 10 11 17 18 19 20 21 22 23 28 30 33 34 35 36 37
2 5 32 0 3 16 29 38 39 40 41 42 43 4 5 6 7 8 9 10 11 17 18 19 20 21 22 23 28 30 33 34 35 36 37
2 6 33 3 16 29 38 39 40 41 42 43 4 5 6 7 8 9 10 11 17 18 19 20 21 22 23 25 27 28 30 33 34 35 36 37
2 7 33 3 16 29 38 39 40 41 42 43 4 5 6 7 8 9 10 11 17 18 19 20 21 22 23 25 27 28 30 33 34 35 36 37
2 8 35 2 31 1 16 29 38 39 40 41 42 43 4 5 6 7 8 9 10 11 17 18 19 20 21 22 23 25 27 28 30 33 34 35 36 37
2 9 35 2 31 1 16 29 38 39 40 41 42 43 4 5 6 7 8 9 10 11 17 18 19 20 21 22 23 25 27 28 30 33 34 35 36 37
